1 2.719 0.235 0.219
1 2.200 0.053 0.049
1 2.215 0.080 0.074
1 1.876 0.082 0.081
1 1.901 0.117 0.109
2 nan nan nan
2 4.314 0.130 0.122
2 2.265 0.105 0.078
2 2.349 0.119 0.103
2 2.413 0.184 0.152
3 3.686 0.256 0.188
3 2.521 0.053 0.048
3 2.421 0.078 0.055
3 2.028 0.089 0.100
3 1.867 0.113 0.139
4 2.571 0.113 0.109
4 2.121 0.038 0.025
4 2.079 0.056 0.042
4 2.071 0.068 0.048
4 2.150 0.095 0.077
5 1.628 0.080 0.063
5 1.685 0.030 0.025
5 1.510 0.042 0.037
5 1.465 0.045 0.042
5 1.370 0.070 0.063
6 nan nan nan
6 4.863 0.135 0.127
6 3.566 0.183 0.181
6 3.103 0.207 0.203
6 1.999 0.229 0.181
7 5.363 0.402 0.366
7 2.309 0.052 0.047
7 2.097 0.074 0.070
7 1.688 0.060 0.051
7 1.739 0.123 0.109
8 nan nan nan
8 8.866 0.176 0.155
8 6.901 0.271 0.214
8 7.508 0.304 0.236
8 5.763 0.480 0.425
9 nan nan nan
9 3.274 0.080 0.053
9 2.037 0.071 0.051
9 2.809 0.110 0.085
9 2.487 0.157 0.110
10 6.092 0.334 0.312
10 4.244 0.079 0.066
10 3.787 0.109 0.102
10 4.309 0.131 0.134
10 2.980 0.173 0.147
11 nan nan nan
11 3.003 0.063 0.066
11 3.026 0.102 0.090
11 2.759 0.115 0.098
11 1.912 0.119 0.086
12 3.425 0.192 0.178
12 2.360 0.048 0.038
12 2.804 0.080 0.080
12 1.928 0.074 0.063
12 1.993 0.110 0.086
13 2.755 0.235 0.218
13 2.329 0.065 0.044
13 2.397 0.100 0.092
13 2.162 0.095 0.089
13 2.332 0.173 0.155
