# srcutlog break frequencies and derived eta2 values
# Source spectrum fits: /Users/atran3/snr-research/data-tycho/regions-6/spectra/fit/fit_up_srcutlog
# Shock velocity list file: /Users/atran3/snr-research/data-tycho/regions-6/regions-6-velocs.txt
# eta2 values computed for mu values: [0, 0.3333333333333333, 0.5, 1, 1.5, 2]
# Generated: 2014-10-31 10:42:39.065384
# Column 1 is break frequency (keV/h), rest are eta2 values
0.299910355839218545 4.657260124617991437 6.389497114632486152 7.484017076652193623 12.026494141384443282 19.326059768620176271 31.056148349587417101
0.300806610315077438 4.583405051977411659 6.285045648691740539 7.359842743840333767 11.818131847345654251 18.977068562794769946 30.472593798138948529
0.334608138275303113 4.332855395478104832 5.836953117818638681 6.774733408950964986 10.592786643712095440 16.562589567133990442 25.896809064135396738
0.292322362249407108 4.577661142723732368 6.307172773709250890 7.403383917375968792 11.973383725700776026 19.364377079837961304 31.317721730179243878
0.271039793888819769 4.731934534633871259 6.602392079253245782 7.798886551685938251 12.853650235626913556 21.184604146359312438 34.915175425734254588
0.290855880007607037 4.544559336313156450 6.266815323997205311 7.359095790119367209 11.916730939217467622 19.297000654396889274 31.248018953782523255
0.225055667591661679 5.140124356924660631 7.397643419377750718 8.874691750430054427 15.322616379708277279 26.455293245348737941 45.676438237026417255
0.407801447980152665 3.783902217241820853 4.932115112642142307 5.630926438935693668 8.379532752254169381 12.469807572086137881 18.556655303128557932
0.303230104806977374 4.375482220345146445 5.991910217583485299 7.011888220909461289 11.236836066642842624 18.007486829592998845 28.857730058070092838
0.359376068343360333 4.005629816840471591 5.332293496284784773 6.152273908968995286 9.449319078824920837 14.513273039302619694 22.291034153493946235
0.545483225659383564 3.175400181988100368 3.943086689331024353 4.393951461831345107 6.080118518114442594 8.413347647429498366 11.641947180078826563
0.880868382923086113 2.483063364617216884 2.846671752361917829 3.047980516936042772 3.741420925459895130 4.592624678434881424 5.637484222488663654
0.379925159536620538 3.672426257708500952 4.843636033113800643 5.562636870684217527 8.425745483696408300 12.762506093139617036 19.331412525170303951
0.234062621336123738 4.076904366996146223 5.829213204323810515 6.970270748765230451 11.917050275792774983 20.374543887112356089 34.834294477309455829
0.288375479174318605 3.624266032792804015 5.004896572816632805 5.881425853616794264 9.544324218643687630 15.488442268564847737 25.134502811426536084
0.321394419841863177 3.382622243723139022 4.587561206543531611 5.342518776434309835 8.437982375808351421 13.326962347518817253 21.048624837305329294
0.297606921442792216 3.461204621645075807 4.754682593881956798 5.572738417559045310 8.972429216212640668 14.446126842466888718 23.259094691051004133
0.191854935427550749 4.532437702654294576 6.698914591726361500 8.144055776552221459 14.633547958696011548 26.294113367444605700 47.246259057030329132
0.337341648831316676 3.638381714522213706 4.894759519466570730 5.677313928924040631 8.858854286482571894 13.823315083794209812 21.569836654545859744
0.305176449974686681 3.750334566461106522 5.130341441659259871 6.000457974097366254 9.600609028565736836 15.360776480272427591 24.576925627825545462
