1 nan nan nan
1 5.366 0.372 0.296
1 2.983 0.233 0.223
2 nan nan nan
2 2.131 0.088 0.074
2 1.822 0.086 0.079
3 2.746 0.187 0.176
3 2.177 0.053 0.061
3 1.844 0.060 0.069
4 2.995 0.231 0.209
4 2.257 0.066 0.049
4 1.970 0.070 0.057
5 nan nan nan
5 2.192 0.078 0.082
5 2.013 0.085 0.091
6 2.499 0.195 0.140
6 2.077 0.067 0.064
6 1.773 0.065 0.069
7 nan nan nan
7 3.613 0.105 0.090
7 2.214 0.088 0.058
8 nan nan nan
8 3.757 0.087 0.077
8 3.108 0.112 0.107
9 3.760 0.224 0.189
9 3.586 0.120 0.096
9 2.253 0.112 0.102
10 nan nan nan
10 nan nan nan
10 5.948 0.168 0.118
11 nan nan nan
11 10.241 0.124 0.069
11 7.018 0.136 0.081
12 nan nan nan
12 nan nan nan
12 5.785 0.098 0.099
13 nan nan nan
13 nan nan nan
13 3.075 0.073 0.077
14 nan nan nan
14 4.222 0.084 0.075
14 4.354 0.170 0.114
15 nan nan nan
15 nan nan nan
15 3.072 0.233 0.190
16 nan nan nan
16 3.696 0.159 0.173
16 3.241 0.207 0.225
17 nan nan nan
17 nan nan nan
17 2.637 0.168 0.165
18 nan nan nan
18 3.814 0.200 0.173
18 2.775 0.226 0.237
19 nan nan nan
19 nan nan nan
19 3.176 0.085 0.143
20 nan nan nan
20 3.972 0.163 0.096
20 3.120 0.148 0.110
21 nan nan nan
21 nan nan nan
21 2.283 0.238 0.202
22 nan nan nan
22 4.211 0.276 0.241
22 3.953 0.323 0.227
