# srcutlog break frequencies and derived eta2 values
# Source spectrum fits: /Users/atran3/snr-research/data-tycho/regions-5/spectra/fit/fit_up_srcutlog
# Shock velocity list file: /Users/atran3/snr-research/data-tycho/regions-5/regions-5-veloc.txt
# eta2 values computed for mu values: [0, 0.3333333333333333, 0.5, 1, 1.5, 2]
# Generated: 2014-10-30 16:49:01.960339
# Column 1 is break frequency (keV/h), rest are eta2 values
0.300312977864559627 4.654137142023467177 6.383785012863948616 7.476490590316991813 12.010370524405288961 19.293677747728889216 30.993714996285781638
0.301557400433346778 4.577695824202435482 6.274609359434149880 7.346095563399564377 11.788708140301354277 18.918027735660761124 30.358862832792208764
0.335312046173863287 4.328305106419612081 5.828781393748920792 6.764064151296896199 10.570549607281838789 16.519139455320306809 25.815305587926786757
0.292166297698485788 4.578883589081509164 6.309418614481510978 7.406349682076648122 11.979779469388121882 19.377307620578523739 31.342818253206832679
0.255425240102410689 4.874424541324041904 6.868799030240822390 8.153790316241609659 13.639414449356987546 22.815601003470263208 38.165249034872900324
0.291004731431127095 4.543396897046980243 6.264678121805733468 7.356272428967816523 11.910635428827363924 19.284663216087945870 31.224046574192719561
0.225460514796651218 5.135507362259996711 7.388785069223551716 8.862737214167420774 15.295102389420234701 26.395926162505013224 45.553465432069380370
0.407802681658959720 3.783896493734210775 4.932105165594662388 5.630913662982608869 8.379507402612214051 12.469760417750832104 18.556571097202166243
0.303615566593197606 4.372703843629731857 5.986837703397532628 7.005210588707410757 11.222570095532358181 17.978914117466459288 28.802792060253221251
0.360728491174165500 3.998113925452879691 5.318957465938651374 6.134966471375859598 9.413892226856093615 14.445289517448152594 22.165793299355062373
0.545483660319967756 3.175398916852521403 3.943084594670553056 4.393948835889673887 6.080113673261958063 8.413339267365838481 11.641933265011550347
0.880864944463439770 2.483068210936110631 2.846679160353075222 3.047989440284306628 3.741435530110645669 4.592647087605595146 5.637517231432392251
0.377514218182367078 3.684134310884711994 4.864236277760801919 5.589259404868792913 8.479555319852682516 12.864469729175123547 19.516893890107695597
0.235938640949467399 4.060663668012532312 5.798272216412339475 6.928662246438557659 11.822294198701621681 20.172240347333467270 34.419654408133233403
0.288970155651975480 3.620534893611117688 4.998027775770558456 5.872345903608185758 9.524682795483041531 15.448610119991265321 25.056955676537352673
0.319771258837833139 3.391196483102949522 4.603072429639927243 5.362844893764696863 8.480813629607963477 13.411575617965276308 21.209092477689011957
0.297157691503732946 3.463819882129463235 4.759473334113453191 5.579055690092316944 8.985993340397399720 14.473430773789296211 23.311857735519630808
0.191778685966627671 4.533338641111377854 6.700690092419809396 8.146484157745932819 14.639366124242505052 26.307181892184175354 47.274438881777264498
0.318417219534899210 3.744940906987762386 5.086827042622773298 5.928542977790785429 9.385360867491863601 14.857781910838344430 23.521065031677270696
0.304906976807455654 3.751991451047208770 5.133363753171518162 6.004434885021811219 9.609093932877744493 15.377747944473290076 24.609514018241320343
0.234281105835909220 4.063984639263082066 5.809836893393297785 6.946561439829881834 11.873744642421034001 20.295769792669521081 34.691521830896242307
0.248966182547260412 3.568597080797447418 5.050203544601660433 6.007787537133885358 10.114201820530460907 17.027412809478978062 28.665908801214992963
