1 1 0.70 1.00 2.784 0.240 0.224
1 1 1.00 1.70 2.253 0.054 0.050
1 1 2.00 3.00 2.268 0.082 0.076
1 1 3.00 4.50 1.921 0.084 0.082
1 1 4.50 7.00 1.946 0.120 0.112
1 10 0.70 1.00 6.280 0.344 0.321
1 10 1.00 1.70 4.374 0.081 0.068
1 10 2.00 3.00 3.904 0.113 0.105
1 10 3.00 4.50 4.442 0.135 0.138
1 10 4.50 7.00 3.072 0.178 0.151
1 11 0.70 1.00 6.064 0.378 0.327
1 11 1.00 1.70 3.053 0.064 0.067
1 11 2.00 3.00 3.077 0.104 0.091
1 11 3.00 4.50 2.805 0.117 0.099
1 11 4.50 7.00 1.944 0.121 0.087
1 12 0.70 1.00 3.548 0.199 0.185
1 12 1.00 1.70 2.445 0.050 0.039
1 12 2.00 3.00 2.905 0.083 0.083
1 12 3.00 4.50 1.998 0.077 0.065
1 12 4.50 7.00 2.065 0.114 0.089
1 13 0.70 1.00 2.842 0.242 0.225
1 13 1.00 1.70 2.402 0.067 0.045
1 13 2.00 3.00 2.473 0.103 0.095
1 13 3.00 4.50 2.231 0.098 0.092
1 13 4.50 7.00 2.406 0.178 0.159
3 4 0.70 1.00 2.644 0.116 0.112
3 4 1.00 1.70 2.181 0.039 0.026
3 4 2.00 3.00 2.137 0.057 0.043
3 4 3.00 4.50 2.129 0.070 0.050
3 4 4.50 7.00 2.211 0.098 0.079
3 5 0.70 1.00 1.689 0.083 0.066
3 5 1.00 1.70 1.748 0.031 0.026
3 5 2.00 3.00 1.567 0.044 0.038
3 5 3.00 4.50 1.520 0.047 0.044
3 5 4.50 7.00 1.421 0.073 0.065
2 2 0.70 1.00 nan nan nan
2 2 1.00 1.70 4.420 0.134 0.125
2 2 2.00 3.00 2.321 0.107 0.080
2 2 3.00 4.50 2.407 0.122 0.106
2 2 4.50 7.00 2.473 0.188 0.156
2 3 0.70 1.00 3.828 0.266 0.195
2 3 1.00 1.70 2.619 0.055 0.050
2 3 2.00 3.00 2.515 0.081 0.058
2 3 3.00 4.50 2.106 0.092 0.104
2 3 4.50 7.00 1.939 0.118 0.145
5 8 0.70 1.00 nan nan nan
5 8 1.00 1.70 9.026 0.179 0.158
5 8 2.00 3.00 7.026 0.276 0.218
5 8 3.00 4.50 7.644 0.310 0.240
5 8 4.50 7.00 5.868 0.489 0.432
5 9 0.70 1.00 2.109 0.127 0.111
5 9 1.00 1.70 3.354 0.082 0.055
5 9 2.00 3.00 2.087 0.073 0.052
5 9 3.00 4.50 2.877 0.113 0.087
5 9 4.50 7.00 2.547 0.161 0.113
4 6 0.70 1.00 nan nan nan
4 6 1.00 1.70 5.030 0.139 0.131
4 6 2.00 3.00 3.689 0.189 0.188
4 6 3.00 4.50 3.210 0.214 0.209
4 6 4.50 7.00 2.067 0.237 0.187
4 7 0.70 1.00 5.492 0.412 0.375
4 7 1.00 1.70 2.364 0.053 0.048
4 7 2.00 3.00 2.147 0.076 0.071
4 7 3.00 4.50 1.729 0.062 0.052
4 7 4.50 7.00 1.781 0.126 0.112
