1   36      33.4    33.3
2   9.4     6.0     4.9
3   10.3    10.1    6.5
4   78.1    76.7    48.4
6   43.7    33.5    33.6
5   25.8    19.5    17.5
7   13.8    9.7     10.2
9   26.9    16.2    11.1
10  33.4    30.7    26.8
11  15.2    11.2    10.9
12  12.4    14.2    11.0
13  50.8    54.9    38.0
14  38.6    33.6    27.7
15  69.9    47.5    23.7
16  74.0    63.6    46.3
17  35.2    27.1    20.5
18  24.2    29.9    19.0
19  13.7    15.1    6.9
20  34.2    39.8    27.0
21  35.0    14.0    12.3
22  31.7    17.5    13.9
8   23.8    20.9    15.9